19
49
48
49
49
48
48
49
49
48
6
6
7
7
7
8
8
8
11
8
11
3
3
3
3
4
4
4
4
5
5
5
5
6
6
8
8
8
9
10
7
8
9
9
7
7
8
8
8
9
7
8
9
11
11
13
9
10
10
10
3
5
5
5
5
6
6
7
8
9
6
7
8
8
9
10
10
10
10
11
3
3
3
4
4
4
5
5
6
7
3
4
4
4
4
5
5
5
6
7
5
5
5
6
7
7
8
9
9
10
6
7
9
10
10
12
12
13
13
14
2
3
3
4
4
4
5
5
5
7
4
5
5
7
7
8
8
10
10
11
4
4
4
5
6
7
8
8
9
10
5
6
7
8
9
9
9
10
10
12
4
5
5
6
7
7
7
8
8
9
7
9
9
9
10
11
11
11
12
13
3
4
4
4
4
4
4
6
6
7
5
6
7
9
9
10
10
11
11
13
6
6
7
9
9
11
12
12
13
14
4
5
6
6
7
8
9
9
9
11
3
4
4
5
5
6
6
6
8
9
4
5
6
6
6
6
6
7
8
9
5
6
7
8
8
9
9
9
10
12
6
7
8
10
11
11
11
11
12
12
5
5
5
6
7
8
8
8
8
9
8
9
10
11
11
11
11
12
13
14
3
4
4
5
6
6
6
7
7
9
4
4
5
6
7
7
7
8
8
10
4
4
4
6
6
7
8
8
9
10
4
5
6
6
7
7
7
8
8
9
6
9
10
10
11
11
12
12
12
13
6
6
6
8
9
9
10
11
13
14
6
6
8
8
10
11
11
11
12
13
4
5
6
6
6
7
7
8
9
10
4
5
6
7
7
8
10
10
12
13
6
7
9
10
11
12
12
12
13
15
4
4
4
7
7
8
8
9
10
12
6
6
7
7
7
8
8
8
9
10
5
6
6
6
7
7
7
9
10
11
4
6
6
6
6
7
8
8
9
11
5
6
6
8
9
9
10
11
12
13
6
7
7
8
9
10
10
10
11
13
6
7
9
10
11
11
11
13
13
15
6
7
7
9
9
9
9
10
11
12
6
6
6
8
8
8
9
10
11
13
4
5
5
5
5
5
6
6
7
8
5
5
6
7
7
8
8
8
8
9
3
3
4
4
5
5
6
7
7
7
3
3
4
5
5
5
5
6
7
7
7
8
8
8
9
9
9
10
10
14
4
4
4
4
5
5
5
6
6
7
6
6
8
8
9
10
10
10
10
12
5
6
7
9
9
9
9
11
11
12
6
7
7
8
9
10
10
10
12
13
6
7
7
8
9
10
11
11
12
14
6
6
7
7
9
9
9
10
12
13
7
8
9
10
11
12
12
13
14
15
4
4
7
7
7
8
9
9
11
11
